4.335840332031250000e+03,6.480000305175781250e+01
2.109000000000000000e+03,2.256000000000000000e+03
4.336000000000000000e+03,6.400000000000000000e+01
4.359537597656250000e+03,3.792200622558593750e+02
4.335898437500000000e+03,6.428160858154296875e+01
2.600792724609375000e+03,1.797562866210937500e+03
1.140000000000000000e+03,1.585200073242187500e+03
4.232000000000000000e+03,5.000000000000000000e+01
3.344302978515625000e+02,1.919988281250000000e+03
4.232400390625000000e+03,5.040000152587890625e+01
9.345600585937500000e+02,1.860480102539062500e+03
4.358708007812500000e+03,3.815424499511718750e+02
2.714757812500000000e+03,1.393459472656250000e+02
1.140000000000000000e+03,1.589000000000000000e+03
9.396000366210937500e+02,1.849200073242187500e+03
1.140000000000000000e+03,1.588800048828125000e+03
1.140480102539062500e+03,1.584000122070312500e+03
3.095470703125000000e+03,1.973238281250000000e+03
2.738147949218750000e+03,6.957344360351562500e+02
4.335552246093750000e+03,6.393600463867187500e+01
3.097000000000000000e+03,1.933000000000000000e+03
1.192000000000000000e+03,1.768000000000000000e+03
9.388800659179687500e+02,1.848960083007812500e+03
3.095885253906250000e+03,1.974067504882812500e+03
3.098304199218750000e+03,1.944000244140625000e+03
2.243071777343750000e+03,1.745009521484375000e+03
4.918580078125000000e+03,2.280960205078125000e+03
3.332359008789062500e+02,1.920585449218750000e+03
9.390000000000000000e+02,1.849000000000000000e+03
9.230400390625000000e+02,1.861920043945312500e+03
1.139000000000000000e+03,1.585000000000000000e+03
1.137600097656250000e+03,1.571040039062500000e+03
3.099452392578125000e+03,1.970750000000000000e+03
1.143600097656250000e+03,1.764000122070312500e+03
4.302000000000000000e+03,1.963000000000000000e+03
4.917888671875000000e+03,2.277504150390625000e+03
4.917888671875000000e+03,2.280960205078125000e+03
4.924800781250000000e+03,2.108851562500000000e+03
9.200000000000000000e+02,1.852000000000000000e+03
1.190592163085937500e+03,1.767744140625000000e+03
9.393409423828125000e+02,1.849651489257812500e+03
1.189417236328125000e+03,1.766707641601562500e+03
1.191600097656250000e+03,1.767600097656250000e+03
3.104400146484375000e+03,1.932000122070312500e+03
1.143359985351562500e+03,1.764000122070312500e+03
1.162080078125000000e+03,1.782720092773437500e+03
2.602783447265625000e+03,1.804032470703125000e+03
2.123366699218750000e+03,2.305843505859375000e+03
1.138000000000000000e+03,1.571000000000000000e+03
5.043600097656250000e+03,1.910400024414062500e+03
4.406400390625000000e+03,1.914624145507812500e+03
9.240000000000000000e+02,1.863000000000000000e+03
9.252000122070312500e+02,1.862400024414062500e+03
4.920479980468750000e+03,2.272320068359375000e+03
9.348480834960937500e+02,1.861056152343750000e+03
1.170720092773437500e+03,1.794240112304687500e+03
9.227520751953125000e+02,1.861056152343750000e+03
2.827130371093750000e+03,1.218281860351562500e+02
4.150518554687500000e+03,1.861263793945312500e+03
2.947000000000000000e+03,1.531000000000000000e+03
4.810000000000000000e+03,2.536000000000000000e+03
2.851000000000000000e+03,2.756000000000000000e+03
2.407898193359375000e+03,1.813089965820312500e+03
2.601390136718750000e+03,1.798757324218750000e+03
4.154400390625000000e+03,1.862400024414062500e+03
2.121120117187500000e+03,2.305440185546875000e+03
1.190880004882812500e+03,1.768320068359375000e+03
4.135588867187500000e+03,1.842352661132812500e+03
1.172000000000000000e+03,1.794000000000000000e+03
9.231669311523437500e+02,1.858775512695312500e+03
1.131688232421875000e+03,1.513894287109375000e+03
1.135200073242187500e+03,1.514400024414062500e+03
4.145541992187500000e+03,1.856287109375000000e+03
4.113600097656250000e+03,1.832400024414062500e+03
9.172800292968750000e+02,1.851840087890625000e+03
1.164534057617187500e+03,1.779646972656250000e+03
4.926875000000000000e+03,2.110494140625000000e+03
4.474000488281250000e+03,1.901076904296875000e+03
1.189200073242187500e+03,1.766400024414062500e+03
1.134259399414062500e+03,1.513728271484375000e+03
4.919000000000000000e+03,2.117000000000000000e+03
9.137113647460937500e+02,1.851310546875000000e+03
2.960000000000000000e+03,1.931000000000000000e+03
9.331201171875000000e+02,1.860019409179687500e+03
4.116096679687500000e+03,1.830989013671875000e+03
4.919616699218750000e+03,2.116800292968750000e+03
4.412160156250000000e+03,1.935360107421875000e+03
4.810800292968750000e+03,2.538000000000000000e+03
4.920653320312500000e+03,2.119219482421875000e+03
1.632000122070312500e+02,2.980800048828125000e+03
4.177890136718750000e+03,1.886146972656250000e+03
2.692000000000000000e+03,1.828000000000000000e+03
1.138800048828125000e+03,1.570800048828125000e+03
1.133000000000000000e+03,1.513000000000000000e+03
1.168128051757812500e+03,1.781568115234375000e+03
1.190246582031250000e+03,1.766707397460937500e+03
2.063912841796875000e+03,1.759342285156250000e+03
1.164534057617187500e+03,1.795174072265625000e+03
4.809600097656250000e+03,2.535600097656250000e+03
1.140480102539062500e+03,1.584230590820312500e+03
8.522496948242187500e+02,1.870387451171875000e+03
1.166400146484375000e+03,1.793664184570312500e+03
4.864000000000000000e+03,2.400000000000000000e+03
4.309200195312500000e+03,1.958400024414062500e+03
4.921200195312500000e+03,2.114400146484375000e+03
2.850000000000000000e+03,2.755200195312500000e+03
2.547000000000000000e+03,2.676000000000000000e+03
4.404000000000000000e+03,1.955000000000000000e+03
5.041200195312500000e+03,2.000400024414062500e+03
4.177990234375000000e+03,1.884753662109375000e+03
4.475520507812500000e+03,1.902528198242187500e+03
9.192960815429687500e+02,1.852416137695312500e+03
1.132185913085937500e+03,1.512898925781250000e+03
1.640000000000000000e+02,2.981000000000000000e+03
4.302000000000000000e+03,1.983000000000000000e+03
4.150800292968750000e+03,1.863600097656250000e+03
4.148400390625000000e+03,1.844400024414062500e+03
1.171200073242187500e+03,1.794000122070312500e+03
4.134758789062500000e+03,1.843430664062500000e+03
8.510056152343750000e+02,1.868728759765625000e+03
4.475520019531250000e+03,1.902240112304687500e+03
4.113000000000000000e+03,1.832000000000000000e+03
4.164480468750000000e+03,1.881792236328125000e+03
4.439232421875000000e+03,1.945728149414062500e+03
4.279200195312500000e+03,1.970400024414062500e+03
1.000304931640625000e+03,1.857282592773437500e+03
4.148640136718750000e+03,1.844640014648437500e+03
1.134720092773437500e+03,1.514880004882812500e+03
1.142000000000000000e+03,1.571000000000000000e+03
4.920000000000000000e+03,2.270400146484375000e+03
4.280000000000000000e+03,1.970000000000000000e+03
1.133568115234375000e+03,1.513728149414062500e+03
4.116959960937500000e+03,1.831680053710937500e+03
1.138752075195312500e+03,1.570752197265625000e+03
1.163289794921875000e+03,1.783296264648437500e+03
4.413000000000000000e+03,1.936000000000000000e+03
9.286412963867187500e+02,1.857282592773437500e+03
4.275930175781250000e+03,1.967764038085937500e+03
4.115000000000000000e+03,1.843000000000000000e+03
1.627200012207031250e+02,2.980800048828125000e+03
4.114368164062500000e+03,1.843776123046875000e+03
5.030554199218750000e+03,2.198016357421875000e+03
4.407313476562500000e+03,1.931334960937500000e+03
4.383425781250000000e+03,1.925960205078125000e+03
2.060329589843750000e+03,1.758744995117187500e+03
4.532000000000000000e+03,1.878000000000000000e+03
4.302000000000000000e+03,1.982400024414062500e+03
2.901381835937500000e+03,1.144627456665039062e+02
4.569000000000000000e+03,2.283000000000000000e+03
1.136000000000000000e+03,1.514000000000000000e+03
2.958000000000000000e+03,1.929000000000000000e+03
1.164960083007812500e+03,1.794240112304687500e+03
1.000304870605468750e+03,1.858775512695312500e+03
4.410547851562500000e+03,1.934669067382812500e+03
5.144000000000000000e+03,1.982000000000000000e+03
9.331202392578125000e+02,1.858775512695312500e+03
4.145000000000000000e+03,1.855000000000000000e+03
2.717280029296875000e+03,1.260000000000000000e+03
4.383936523437500000e+03,1.930176147460937500e+03
4.274934570312500000e+03,1.970749877929687500e+03
9.405852050781250000e+02,1.851310546875000000e+03
4.396862304687500000e+03,1.913518554687500000e+03
4.506000000000000000e+03,1.896000000000000000e+03
4.140565429687500000e+03,1.833892333984375000e+03
4.399200195312500000e+03,1.956000122070312500e+03
9.137113647460937500e+02,1.852505004882812500e+03
4.300992187500000000e+03,1.982016235351562500e+03
7.700000000000000000e+01,2.018000000000000000e+03
2.101248291015625000e+03,1.461888183593750000e+03
4.383000000000000000e+03,1.932000000000000000e+03
2.090189208984375000e+03,1.468109130859375000e+03
4.165862792968750000e+03,1.882829101562500000e+03
4.382400390625000000e+03,1.932000122070312500e+03
2.102400146484375000e+03,1.461600097656250000e+03
8.611200561523437500e+02,1.867680053710937500e+03
4.276000000000000000e+03,1.971000000000000000e+03
2.088000000000000000e+03,1.467360107421875000e+03
4.439520019531250000e+03,1.945440063476562500e+03
9.924000244140625000e+02,1.855200073242187500e+03
4.302720703125000000e+03,1.961625854492187500e+03
2.122800048828125000e+03,2.308800048828125000e+03
4.114080078125000000e+03,1.831680053710937500e+03
4.438800292968750000e+03,1.946400024414062500e+03
2.718000000000000000e+03,1.260000000000000000e+03
2.087424316406250000e+03,1.467072143554687500e+03
5.034000000000000000e+03,2.199600097656250000e+03
2.784000000000000000e+03,3.035000000000000000e+03
5.026800292968750000e+03,2.074800048828125000e+03
4.431600097656250000e+03,1.945200073242187500e+03
5.032800292968750000e+03,2.198880126953125000e+03
4.516301269531250000e+03,1.901491455078125000e+03
4.516992187500000000e+03,1.900800170898437500e+03
4.520000000000000000e+03,1.938000000000000000e+03
4.518720214843750000e+03,1.938240112304687500e+03
2.087000000000000000e+03,1.467000000000000000e+03
2.122560058593750000e+03,2.308320068359375000e+03
4.374720214843750000e+03,1.954080078125000000e+03
5.041337402343750000e+03,2.000609741210937500e+03
2.068000000000000000e+03,2.701000000000000000e+03
4.920000000000000000e+03,2.270000000000000000e+03
5.027204101562500000e+03,2.200073730468750000e+03
4.515600097656250000e+03,1.900800048828125000e+03
4.135000000000000000e+03,1.844000000000000000e+03
3.144000000000000000e+03,2.792000000000000000e+03
4.151000000000000000e+03,1.845000000000000000e+03
4.375296386718750000e+03,1.952640136718750000e+03
8.610000000000000000e+02,1.868000000000000000e+03
4.306867675781250000e+03,1.959552246093750000e+03
4.395000000000000000e+03,1.981000000000000000e+03
4.399350585937500000e+03,1.955819946289062500e+03
4.518000000000000000e+03,1.914000000000000000e+03
4.135200195312500000e+03,1.843200073242187500e+03
4.145760253906250000e+03,1.854720092773437500e+03
4.404672363281250000e+03,1.949184204101562500e+03
4.862880371093750000e+03,2.399040039062500000e+03
8.657280883789062500e+02,1.862784179687500000e+03
2.212800048828125000e+03,3.031200195312500000e+03
4.416479980468750000e+03,1.942560058593750000e+03
5.142000000000000000e+03,1.613000000000000000e+03
4.518000000000000000e+03,1.901000000000000000e+03
3.150000000000000000e+03,2.137000000000000000e+03
4.401341796875000000e+03,1.952834106445312500e+03
4.516000000000000000e+03,1.900000000000000000e+03
4.420800292968750000e+03,1.955520019531250000e+03
4.417200195312500000e+03,1.942800048828125000e+03
2.067600097656250000e+03,2.701200195312500000e+03
2.213280029296875000e+03,3.031200195312500000e+03
4.508640136718750000e+03,1.896480102539062500e+03
5.128704589843750000e+03,1.736640136718750000e+03
