                   0,                   0,                   0,                   0,                   0,                   0,                   0,                   0
        IMG_3199.JPG, 0.06666666666666667,                   0,                5184,                3456,       98.8645749051,       73.5896415274,       39.3367591164
        IMG_3200.JPG, 0.06666666666666667,                   0,                5184,                3456,        98.851434569,       73.5648196708,       38.3247996305
        IMG_3201.JPG, 0.06666666666666667,                   0,                5184,                3456,       99.1469592603,       77.2427132898,       43.6031725778
        IMG_3202.JPG, 0.06666666666666667,                   0,                5184,                3456,       96.2574610246,       70.5908167403,       35.0880761027
        IMG_3203.JPG, 0.06666666666666667,                   0,                5184,                3456,       95.7945703996,       71.3336136988,       37.2092411301
        IMG_3204.JPG, 0.06666666666666667,                   0,                5184,                3456,       90.3685535488,       69.8647965517,       38.5788822601
        IMG_3205.JPG,                0.05,                   0,                5184,                3456,       96.7536223123,       73.9659473505,       39.6946110562
        IMG_3206.JPG, 0.06666666666666667,                   0,                5184,                3456,       89.5400858366,       66.4916783993,       34.1088840954
        IMG_3207.JPG, 0.06666666666666667,                   0,                5184,                3456,       96.2131866748,       70.8917155953,       38.1327964249
        IMG_3208.JPG, 0.06666666666666667,                   0,                5184,                3456,       87.6818282237,       65.0133648294,       33.5678018257
        IMG_3209.JPG, 0.07692307692307693,                   0,                5184,                3456,       102.563150539,       76.7230791703,       42.3015515712
