4.920000000000000000e+03,2.270000000000000000e+03,3.100000000000000000e+01
9.240000000000000000e+02,1.863000000000000000e+03,3.100000000000000000e+01
4.143000000000000000e+03,1.832000000000000000e+03,3.100000000000000000e+01
8.630000000000000000e+02,1.868000000000000000e+03,3.100000000000000000e+01
8.610000000000000000e+02,1.868000000000000000e+03,3.100000000000000000e+01
4.336000000000000000e+03,6.400000000000000000e+01,3.100000000000000000e+01
4.151000000000000000e+03,1.864000000000000000e+03,3.100000000000000000e+01
4.506000000000000000e+03,1.896000000000000000e+03,3.100000000000000000e+01
4.509000000000000000e+03,1.897000000000000000e+03,3.100000000000000000e+01
4.516000000000000000e+03,1.900000000000000000e+03,3.100000000000000000e+01
4.518000000000000000e+03,1.901000000000000000e+03,3.100000000000000000e+01
4.477000000000000000e+03,1.903000000000000000e+03,3.100000000000000000e+01
4.483000000000000000e+03,1.911000000000000000e+03,3.100000000000000000e+01
2.034000000000000000e+03,3.045000000000000000e+03,3.100000000000000000e+01
5.044000000000000000e+03,1.911000000000000000e+03,3.100000000000000000e+01
4.155000000000000000e+03,1.863000000000000000e+03,3.100000000000000000e+01
4.518000000000000000e+03,1.914000000000000000e+03,3.100000000000000000e+01
9.360000000000000000e+02,1.862000000000000000e+03,3.100000000000000000e+01
2.958000000000000000e+03,1.929000000000000000e+03,3.100000000000000000e+01
2.960000000000000000e+03,1.931000000000000000e+03,3.100000000000000000e+01
4.383000000000000000e+03,1.932000000000000000e+03,3.100000000000000000e+01
2.087000000000000000e+03,1.467000000000000000e+03,3.100000000000000000e+01
1.133000000000000000e+03,1.513000000000000000e+03,3.100000000000000000e+01
4.520000000000000000e+03,1.938000000000000000e+03,3.100000000000000000e+01
1.136000000000000000e+03,1.514000000000000000e+03,3.100000000000000000e+01
1.134000000000000000e+03,1.516000000000000000e+03,3.100000000000000000e+01
4.381000000000000000e+03,1.859000000000000000e+03,3.100000000000000000e+01
4.440000000000000000e+03,1.947000000000000000e+03,3.100000000000000000e+01
4.145000000000000000e+03,1.855000000000000000e+03,3.100000000000000000e+01
4.146000000000000000e+03,1.853000000000000000e+03,3.100000000000000000e+01
9.200000000000000000e+02,1.852000000000000000e+03,3.100000000000000000e+01
4.422000000000000000e+03,1.954000000000000000e+03,3.100000000000000000e+01
4.375000000000000000e+03,1.956000000000000000e+03,3.100000000000000000e+01
4.280000000000000000e+03,1.970000000000000000e+03,3.100000000000000000e+01
4.276000000000000000e+03,1.971000000000000000e+03,3.100000000000000000e+01
9.390000000000000000e+02,1.849000000000000000e+03,3.100000000000000000e+01
4.151000000000000000e+03,1.845000000000000000e+03,3.100000000000000000e+01
5.145000000000000000e+03,1.979000000000000000e+03,3.100000000000000000e+01
4.295000000000000000e+03,1.982000000000000000e+03,3.100000000000000000e+01
4.271000000000000000e+03,1.983000000000000000e+03,3.100000000000000000e+01
4.302000000000000000e+03,1.983000000000000000e+03,3.100000000000000000e+01
4.148000000000000000e+03,1.845000000000000000e+03,3.100000000000000000e+01
2.213000000000000000e+03,3.031000000000000000e+03,3.100000000000000000e+01
1.950000000000000000e+03,3.031000000000000000e+03,3.100000000000000000e+01
4.135000000000000000e+03,1.844000000000000000e+03,3.100000000000000000e+01
4.115000000000000000e+03,1.843000000000000000e+03,3.100000000000000000e+01
3.549000000000000000e+03,3.021000000000000000e+03,3.100000000000000000e+01
5.041000000000000000e+03,2.000000000000000000e+03,3.100000000000000000e+01
7.700000000000000000e+01,2.018000000000000000e+03,3.100000000000000000e+01
4.145000000000000000e+03,1.834000000000000000e+03,3.100000000000000000e+01
4.140000000000000000e+03,1.834000000000000000e+03,3.100000000000000000e+01
4.118000000000000000e+03,1.832000000000000000e+03,3.100000000000000000e+01
4.925000000000000000e+03,2.106000000000000000e+03,3.100000000000000000e+01
4.113000000000000000e+03,1.832000000000000000e+03,3.100000000000000000e+01
4.922000000000000000e+03,2.114000000000000000e+03,3.100000000000000000e+01
1.139000000000000000e+03,1.585000000000000000e+03,3.100000000000000000e+01
4.919000000000000000e+03,2.117000000000000000e+03,3.100000000000000000e+01
3.371000000000000000e+03,2.146000000000000000e+03,3.100000000000000000e+01
5.034000000000000000e+03,2.199000000000000000e+03,3.100000000000000000e+01
1.172000000000000000e+03,1.794000000000000000e+03,3.100000000000000000e+01
1.171000000000000000e+03,1.783000000000000000e+03,3.100000000000000000e+01
1.192000000000000000e+03,1.768000000000000000e+03,3.100000000000000000e+01
3.928000000000000000e+03,2.813000000000000000e+03,3.100000000000000000e+01
1.189000000000000000e+03,1.767000000000000000e+03,3.100000000000000000e+01
1.144000000000000000e+03,1.585000000000000000e+03,3.100000000000000000e+01
4.917000000000000000e+03,2.282000000000000000e+03,3.100000000000000000e+01
5.132000000000000000e+03,1.610000000000000000e+03,3.100000000000000000e+01
2.120000000000000000e+03,2.305000000000000000e+03,3.100000000000000000e+01
4.988000000000000000e+03,2.180000000000000000e+02,3.100000000000000000e+01
1.144000000000000000e+03,1.764000000000000000e+03,3.100000000000000000e+01
4.864000000000000000e+03,2.400000000000000000e+03,3.100000000000000000e+01
4.810000000000000000e+03,2.536000000000000000e+03,3.100000000000000000e+01
4.811000000000000000e+03,2.538000000000000000e+03,3.100000000000000000e+01
2.870000000000000000e+03,2.596000000000000000e+03,3.100000000000000000e+01
2.182000000000000000e+03,2.684000000000000000e+03,3.100000000000000000e+01
2.068000000000000000e+03,2.701000000000000000e+03,3.100000000000000000e+01
2.947000000000000000e+03,1.531000000000000000e+03,3.100000000000000000e+01
4.395000000000000000e+03,1.981000000000000000e+03,3.100000000000000000e+01
2.547000000000000000e+03,2.676000000000000000e+03,3.100000000000000000e+01
2.784000000000000000e+03,3.035000000000000000e+03,3.100000000000000000e+01
5.144000000000000000e+03,1.982000000000000000e+03,3.100000000000000000e+01
1.138000000000000000e+03,1.571000000000000000e+03,3.100000000000000000e+01
4.413000000000000000e+03,1.936000000000000000e+03,3.100000000000000000e+01
4.302000000000000000e+03,1.963000000000000000e+03,3.100000000000000000e+01
3.136000000000000000e+03,1.933000000000000000e+03,3.100000000000000000e+01
4.532000000000000000e+03,1.878000000000000000e+03,3.100000000000000000e+01
3.105000000000000000e+03,1.933000000000000000e+03,3.100000000000000000e+01
4.404000000000000000e+03,1.955000000000000000e+03,3.100000000000000000e+01
1.139000000000000000e+03,1.555000000000000000e+03,3.100000000000000000e+01
3.097000000000000000e+03,1.933000000000000000e+03,3.100000000000000000e+01
5.027000000000000000e+03,2.075000000000000000e+03,3.100000000000000000e+01
4.232000000000000000e+03,5.000000000000000000e+01,3.100000000000000000e+01
1.610000000000000000e+02,2.983000000000000000e+03,3.100000000000000000e+01
1.640000000000000000e+02,2.981000000000000000e+03,3.100000000000000000e+01
4.405000000000000000e+03,1.915000000000000000e+03,3.100000000000000000e+01
3.150000000000000000e+03,2.137000000000000000e+03,3.100000000000000000e+01
2.692000000000000000e+03,1.828000000000000000e+03,3.100000000000000000e+01
4.448000000000000000e+03,1.889000000000000000e+03,3.100000000000000000e+01
4.407000000000000000e+03,1.851000000000000000e+03,3.100000000000000000e+01
2.109000000000000000e+03,2.256000000000000000e+03,3.100000000000000000e+01
4.431000000000000000e+03,1.946000000000000000e+03,3.100000000000000000e+01
2.720000000000000000e+03,1.260000000000000000e+03,3.100000000000000000e+01
4.309000000000000000e+03,1.959000000000000000e+03,3.100000000000000000e+01
3.144000000000000000e+03,2.792000000000000000e+03,3.100000000000000000e+01
2.851000000000000000e+03,2.756000000000000000e+03,3.100000000000000000e+01
4.569000000000000000e+03,2.283000000000000000e+03,3.100000000000000000e+01
1.140000000000000000e+03,1.589000000000000000e+03,3.100000000000000000e+01
5.142000000000000000e+03,1.613000000000000000e+03,3.100000000000000000e+01
1.142000000000000000e+03,1.571000000000000000e+03,3.100000000000000000e+01
4.146000000000000000e+03,1.852800048828125000e+03,3.720000076293945312e+01
4.144800292968750000e+03,1.855200073242187500e+03,3.720000076293945312e+01
4.232400390625000000e+03,5.040000152587890625e+01,3.720000076293945312e+01
2.034000122070312500e+03,3.044400146484375000e+03,3.720000076293945312e+01
4.405200195312500000e+03,1.915200073242187500e+03,3.720000076293945312e+01
2.718000000000000000e+03,1.260000000000000000e+03,3.720000076293945312e+01
2.086800048828125000e+03,1.467600097656250000e+03,3.720000076293945312e+01
2.212800048828125000e+03,3.031200195312500000e+03,3.720000076293945312e+01
1.950000122070312500e+03,3.031200195312500000e+03,3.720000076293945312e+01
1.135200073242187500e+03,1.514400024414062500e+03,3.720000076293945312e+01
4.920000000000000000e+03,2.277600097656250000e+03,3.720000076293945312e+01
3.548400146484375000e+03,3.020400146484375000e+03,3.720000076293945312e+01
4.434000000000000000e+03,2.986800048828125000e+03,3.720000076293945312e+01
1.632000122070312500e+02,2.980800048828125000e+03,3.720000076293945312e+01
4.381200195312500000e+03,1.858800048828125000e+03,3.720000076293945312e+01
1.138800048828125000e+03,1.570800048828125000e+03,3.720000076293945312e+01
1.140000000000000000e+03,1.585200073242187500e+03,3.720000076293945312e+01
1.143600097656250000e+03,1.585200073242187500e+03,3.720000076293945312e+01
3.928800048828125000e+03,2.812800048828125000e+03,3.720000076293945312e+01
1.140000000000000000e+03,1.588800048828125000e+03,3.720000076293945312e+01
2.850000000000000000e+03,2.755200195312500000e+03,3.720000076293945312e+01
2.067600097656250000e+03,2.701200195312500000e+03,3.720000076293945312e+01
9.348000488281250000e+02,1.861200073242187500e+03,3.720000076293945312e+01
5.132400390625000000e+03,1.610400024414062500e+03,3.720000076293945312e+01
1.143600097656250000e+03,1.764000122070312500e+03,3.720000076293945312e+01
2.869200195312500000e+03,2.596800048828125000e+03,3.720000076293945312e+01
4.810800292968750000e+03,2.538000000000000000e+03,3.720000076293945312e+01
4.809600097656250000e+03,2.535600097656250000e+03,3.720000076293945312e+01
4.382400390625000000e+03,1.932000122070312500e+03,3.720000076293945312e+01
4.863600097656250000e+03,2.400000000000000000e+03,3.720000076293945312e+01
2.122800048828125000e+03,2.308800048828125000e+03,3.720000076293945312e+01
2.120400146484375000e+03,2.305200195312500000e+03,3.720000076293945312e+01
4.917600097656250000e+03,2.282400146484375000e+03,3.720000076293945312e+01
1.189200073242187500e+03,1.766400024414062500e+03,3.720000076293945312e+01
4.920000000000000000e+03,2.272800048828125000e+03,3.720000076293945312e+01
4.920000000000000000e+03,2.270400146484375000e+03,3.720000076293945312e+01
9.252000122070312500e+02,1.862400024414062500e+03,3.720000076293945312e+01
1.191600097656250000e+03,1.767600097656250000e+03,3.720000076293945312e+01
1.170000000000000000e+03,1.782000122070312500e+03,3.720000076293945312e+01
5.034000000000000000e+03,2.199600097656250000e+03,3.720000076293945312e+01
3.370800048828125000e+03,2.145600097656250000e+03,3.720000076293945312e+01
1.171200073242187500e+03,1.794000122070312500e+03,3.720000076293945312e+01
4.920000000000000000e+03,2.118000000000000000e+03,3.720000076293945312e+01
4.921200195312500000e+03,2.114400146484375000e+03,3.720000076293945312e+01
4.924800292968750000e+03,2.106000000000000000e+03,3.720000076293945312e+01
4.154400390625000000e+03,1.862400024414062500e+03,3.720000076293945312e+01
4.113600097656250000e+03,1.832400024414062500e+03,3.720000076293945312e+01
5.041200195312500000e+03,2.000400024414062500e+03,3.720000076293945312e+01
4.118400390625000000e+03,1.832400024414062500e+03,3.720000076293945312e+01
4.270800292968750000e+03,1.983600097656250000e+03,3.720000076293945312e+01
4.302000000000000000e+03,1.982400024414062500e+03,3.720000076293945312e+01
4.294800292968750000e+03,1.982400024414062500e+03,3.720000076293945312e+01
4.140000000000000000e+03,1.833600097656250000e+03,3.720000076293945312e+01
5.145600097656250000e+03,1.978800048828125000e+03,3.720000076293945312e+01
4.275600097656250000e+03,1.971600097656250000e+03,3.720000076293945312e+01
4.279200195312500000e+03,1.970400024414062500e+03,3.720000076293945312e+01
4.815600097656250000e+03,2.535600097656250000e+03,3.720000076293945312e+01
4.150800292968750000e+03,1.863600097656250000e+03,3.720000076293945312e+01
4.987200195312500000e+03,2.172000122070312500e+02,3.720000076293945312e+01
4.144800292968750000e+03,1.833600097656250000e+03,3.720000076293945312e+01
4.399200195312500000e+03,1.956000122070312500e+03,3.720000076293945312e+01
4.375200195312500000e+03,1.956000122070312500e+03,3.720000076293945312e+01
4.438800292968750000e+03,1.946400024414062500e+03,3.720000076293945312e+01
8.604000244140625000e+02,1.867200073242187500e+03,3.720000076293945312e+01
4.114800292968750000e+03,1.843200073242187500e+03,3.720000076293945312e+01
4.135200195312500000e+03,1.843200073242187500e+03,3.720000076293945312e+01
4.519200195312500000e+03,1.938000122070312500e+03,3.720000076293945312e+01
4.412400390625000000e+03,1.935600097656250000e+03,3.720000076293945312e+01
3.135600097656250000e+03,1.933200073242187500e+03,3.720000076293945312e+01
8.628000488281250000e+02,1.867200073242187500e+03,3.720000076293945312e+01
4.148400390625000000e+03,1.844400024414062500e+03,3.720000076293945312e+01
4.482000000000000000e+03,1.911600097656250000e+03,3.720000076293945312e+01
4.402800292968750000e+03,1.954800048828125000e+03,3.720000076293945312e+01
4.476000000000000000e+03,1.902000122070312500e+03,3.720000076293945312e+01
4.518000000000000000e+03,1.900800048828125000e+03,3.720000076293945312e+01
4.515600097656250000e+03,1.900800048828125000e+03,3.720000076293945312e+01
4.506000000000000000e+03,1.896000122070312500e+03,3.720000076293945312e+01
4.150800292968750000e+03,1.845600097656250000e+03,3.720000076293945312e+01
9.396000366210937500e+02,1.849200073242187500e+03,3.720000076293945312e+01
4.448400390625000000e+03,1.888800048828125000e+03,3.720000076293945312e+01
9.192000122070312500e+02,1.852800048828125000e+03,3.720000076293945312e+01
5.043600097656250000e+03,1.910400024414062500e+03,3.720000076293945312e+01
9.924000244140625000e+02,1.855200073242187500e+03,3.720000076293945312e+01
4.443600097656250000e+03,1.886400024414062500e+03,3.720000076293945312e+01
4.309200195312500000e+03,1.958400024414062500e+03,3.720000076293945312e+01
5.026800292968750000e+03,2.074800048828125000e+03,3.720000076293945312e+01
4.431600097656250000e+03,1.945200073242187500e+03,3.720000076293945312e+01
1.138800048828125000e+03,1.555200073242187500e+03,3.720000076293945312e+01
3.104400146484375000e+03,1.932000122070312500e+03,3.720000076293945312e+01
4.417200195312500000e+03,1.942800048828125000e+03,3.720000076293945312e+01
4.919040039062500000e+03,2.276640136718750000e+03,4.464000320434570312e+01
4.144320312500000000e+03,1.834560058593750000e+03,4.464000320434570312e+01
1.134720092773437500e+03,1.514880004882812500e+03,4.464000320434570312e+01
5.032800292968750000e+03,2.198880126953125000e+03,4.464000320434570312e+01
4.917600097656250000e+03,2.282400146484375000e+03,4.464000320434570312e+01
9.345600585937500000e+02,1.860480102539062500e+03,4.464000320434570312e+01
4.140000000000000000e+03,1.834560058593750000e+03,4.464000320434570312e+01
4.116959960937500000e+03,1.831680053710937500e+03,4.464000320434570312e+01
4.920479980468750000e+03,2.118239990234375000e+03,4.464000320434570312e+01
4.924800292968750000e+03,2.106719970703125000e+03,4.464000320434570312e+01
4.135680175781250000e+03,1.843200073242187500e+03,4.464000320434570312e+01
4.114080078125000000e+03,1.831680053710937500e+03,4.464000320434570312e+01
4.148640136718750000e+03,1.844640014648437500e+03,4.464000320434570312e+01
4.269600097656250000e+03,1.982880126953125000e+03,4.464000320434570312e+01
1.140480102539062500e+03,1.584000122070312500e+03,4.464000320434570312e+01
4.275360351562500000e+03,1.971360107421875000e+03,4.464000320434570312e+01
4.145760253906250000e+03,1.854720092773437500e+03,4.464000320434570312e+01
4.279680175781250000e+03,1.969920043945312500e+03,4.464000320434570312e+01
9.172800292968750000e+02,1.851840087890625000e+03,4.464000320434570312e+01
2.957760009765625000e+03,1.929600097656250000e+03,4.464000320434570312e+01
1.164960083007812500e+03,1.794240112304687500e+03,4.464000320434570312e+01
3.134880126953125000e+03,1.932480102539062500e+03,4.464000320434570312e+01
4.412160156250000000e+03,1.935360107421875000e+03,4.464000320434570312e+01
1.170720092773437500e+03,1.794240112304687500e+03,4.464000320434570312e+01
4.439520019531250000e+03,1.945440063476562500e+03,4.464000320434570312e+01
5.132160156250000000e+03,1.609920043945312500e+03,4.464000320434570312e+01
4.374720214843750000e+03,1.954080078125000000e+03,4.464000320434570312e+01
4.399200195312500000e+03,1.955520019531250000e+03,4.464000320434570312e+01
5.041440429687500000e+03,2.000160034179687500e+03,4.464000320434570312e+01
4.420800292968750000e+03,1.955520019531250000e+03,4.464000320434570312e+01
2.213280029296875000e+03,3.031200195312500000e+03,4.464000320434570312e+01
4.152959960937500000e+03,1.861920043945312500e+03,4.464000320434570312e+01
4.308479980468750000e+03,1.958400024414062500e+03,4.464000320434570312e+01
4.518720214843750000e+03,1.913760131835937500e+03,4.464000320434570312e+01
4.813920410156250000e+03,2.535840087890625000e+03,4.464000320434570312e+01
4.986720214843750000e+03,2.174400024414062500e+02,4.464000320434570312e+01
2.122560058593750000e+03,2.308320068359375000e+03,4.464000320434570312e+01
4.404959960937500000e+03,1.915200073242187500e+03,4.464000320434570312e+01
5.127840332031250000e+03,1.735200073242187500e+03,4.464000320434570312e+01
9.230400390625000000e+02,1.861920043945312500e+03,4.464000320434570312e+01
4.294080078125000000e+03,1.981440063476562500e+03,4.464000320434570312e+01
4.475520019531250000e+03,1.902240112304687500e+03,4.464000320434570312e+01
4.301280273437500000e+03,1.982880126953125000e+03,4.464000320434570312e+01
1.140480102539062500e+03,1.571040039062500000e+03,4.464000320434570312e+01
4.416479980468750000e+03,1.942560058593750000e+03,4.464000320434570312e+01
1.137600097656250000e+03,1.571040039062500000e+03,4.464000320434570312e+01
4.383360351562500000e+03,1.931040039062500000e+03,4.464000320434570312e+01
9.388800659179687500e+02,1.848960083007812500e+03,4.464000320434570312e+01
2.109600097656250000e+03,2.260800048828125000e+03,4.464000320434570312e+01
1.162080078125000000e+03,1.782720092773437500e+03,4.464000320434570312e+01
4.404959960937500000e+03,1.949760131835937500e+03,4.464000320434570312e+01
2.034720092773437500e+03,3.044160156250000000e+03,4.464000320434570312e+01
4.432320312500000000e+03,1.945440063476562500e+03,4.464000320434570312e+01
4.335840332031250000e+03,6.480000305175781250e+01,4.464000320434570312e+01
1.169280029296875000e+03,1.782720092773437500e+03,4.464000320434570312e+01
4.517280273437500000e+03,1.900800048828125000e+03,4.464000320434570312e+01
4.114080078125000000e+03,1.843200073242187500e+03,4.464000320434570312e+01
2.102400146484375000e+03,1.461600097656250000e+03,4.464000320434570312e+01
2.088000000000000000e+03,1.467360107421875000e+03,4.464000320434570312e+01
4.232160156250000000e+03,5.040000152587890625e+01,4.464000320434570312e+01
4.381920410156250000e+03,1.859040039062500000e+03,4.464000320434570312e+01
4.920479980468750000e+03,2.272320068359375000e+03,4.464000320434570312e+01
4.921920410156250000e+03,2.113920166015625000e+03,4.464000320434570312e+01
4.809600097656250000e+03,2.535840087890625000e+03,4.464000320434570312e+01
4.508640136718750000e+03,1.896480102539062500e+03,4.464000320434570312e+01
4.180320312500000000e+03,1.886400024414062500e+03,4.464000320434570312e+01
4.862880371093750000e+03,2.399040039062500000e+03,4.464000320434570312e+01
1.143359985351562500e+03,1.764000122070312500e+03,4.464000320434570312e+01
1.190880004882812500e+03,1.768320068359375000e+03,4.464000320434570312e+01
2.121120117187500000e+03,2.305440185546875000e+03,4.464000320434570312e+01
8.611200561523437500e+02,1.867680053710937500e+03,4.464000320434570312e+01
4.518720214843750000e+03,1.938240112304687500e+03,4.464000320434570312e+01
1.149119995117187500e+03,1.584000122070312500e+03,4.464000320434570312e+01
2.717280029296875000e+03,1.260000000000000000e+03,4.464000320434570312e+01
1.627200012207031250e+02,2.980800048828125000e+03,4.464000320434570312e+01
4.335552246093750000e+03,6.393600463867187500e+01,5.356800460815429688e+01
4.383936523437500000e+03,1.930176147460937500e+03,5.356800460815429688e+01
5.128704589843750000e+03,1.736640136718750000e+03,5.356800460815429688e+01
4.399488281250000000e+03,1.912896240234375000e+03,5.356800460815429688e+01
8.519040527343750000e+02,1.869696166992187500e+03,5.356800460815429688e+01
4.404672363281250000e+03,1.949184204101562500e+03,5.356800460815429688e+01
2.087424316406250000e+03,1.467072143554687500e+03,5.356800460815429688e+01
4.921344238281250000e+03,2.113344238281250000e+03,5.356800460815429688e+01
1.002240112304687500e+03,1.857600219726562500e+03,5.356800460815429688e+01
1.133568115234375000e+03,1.513728149414062500e+03,5.356800460815429688e+01
4.475520507812500000e+03,1.902528198242187500e+03,5.356800460815429688e+01
4.439232421875000000e+03,1.945728149414062500e+03,5.356800460815429688e+01
9.400321044921875000e+02,1.848960205078125000e+03,5.356800460815429688e+01
4.917888671875000000e+03,2.277504150390625000e+03,5.356800460815429688e+01
4.516992187500000000e+03,1.900800170898437500e+03,5.356800460815429688e+01
1.190592163085937500e+03,1.767744140625000000e+03,5.356800460815429688e+01
1.168128051757812500e+03,1.781568115234375000e+03,5.356800460815429688e+01
8.657280883789062500e+02,1.862784179687500000e+03,5.356800460815429688e+01
4.810752441406250000e+03,2.536704345703125000e+03,5.356800460815429688e+01
5.040576660156250000e+03,1.999296142578125000e+03,5.356800460815429688e+01
4.375296386718750000e+03,1.952640136718750000e+03,5.356800460815429688e+01
2.121984130859375000e+03,2.305152099609375000e+03,5.356800460815429688e+01
4.117824218750000000e+03,1.831680175781250000e+03,5.356800460815429688e+01
4.140288574218750000e+03,1.833408203125000000e+03,5.356800460815429688e+01
4.917888671875000000e+03,2.280960205078125000e+03,5.356800460815429688e+01
4.143744628906250000e+03,1.833408203125000000e+03,5.356800460815429688e+01
4.420224609375000000e+03,1.954368164062500000e+03,5.356800460815429688e+01
4.921344238281250000e+03,2.270592285156250000e+03,5.356800460815429688e+01
4.135104492187500000e+03,1.843776123046875000e+03,5.356800460815429688e+01
4.148928222656250000e+03,1.843776123046875000e+03,5.356800460815429688e+01
4.164480468750000000e+03,1.881792236328125000e+03,5.356800460815429688e+01
5.031936523437500000e+03,2.198016113281250000e+03,5.356800460815429688e+01
9.192960815429687500e+02,1.852416137695312500e+03,5.356800460815429688e+01
4.145472167968750000e+03,1.854144165039062500e+03,5.356800460815429688e+01
4.919616699218750000e+03,2.116800292968750000e+03,5.356800460815429688e+01
4.399488281250000000e+03,1.956096191406250000e+03,5.356800460815429688e+01
4.924800292968750000e+03,2.106432128906250000e+03,5.356800460815429688e+01
9.227520751953125000e+02,1.861056152343750000e+03,5.356800460815429688e+01
9.348480834960937500e+02,1.861056152343750000e+03,5.356800460815429688e+01
4.150656250000000000e+03,1.862784179687500000e+03,5.356800460815429688e+01
4.508352539062500000e+03,1.895616210937500000e+03,5.356800460815429688e+01
4.269888183593750000e+03,1.983744140625000000e+03,5.356800460815429688e+01
4.180032226562500000e+03,1.886976196289062500e+03,5.356800460815429688e+01
4.276800292968750000e+03,1.971648193359375000e+03,5.356800460815429688e+01
8.588161010742187500e+02,1.866240234375000000e+03,5.356800460815429688e+01
2.737152343750000000e+03,6.981120605468750000e+02,5.356800460815429688e+01
4.300992187500000000e+03,1.982016235351562500e+03,5.356800460815429688e+01
4.300992187500000000e+03,1.963008178710937500e+03,5.356800460815429688e+01
4.987008300781250000e+03,2.177280273437500000e+02,5.356800460815429688e+01
4.114368164062500000e+03,1.843776123046875000e+03,5.356800460815429688e+01
2.958336181640625000e+03,1.930176147460937500e+03,5.356800460815429688e+01
1.166400146484375000e+03,1.793664184570312500e+03,5.356800460815429688e+01
1.138752075195312500e+03,1.570752197265625000e+03,5.356800460815429688e+01
3.101760253906250000e+03,1.944000244140625000e+03,5.356800460815429688e+01
3.098304199218750000e+03,1.944000244140625000e+03,5.356800460815429688e+01
4.406400390625000000e+03,1.914624145507812500e+03,5.356800460815429688e+01
2.101248291015625000e+03,1.461888183593750000e+03,5.356800460815429688e+01
4.411584472656250000e+03,1.935360229492187500e+03,5.356800460815429688e+01
4.307904296875000000e+03,1.959552246093750000e+03,5.356800460815429688e+01
2.096064208984375000e+03,1.465344116210937500e+03,5.356800460815429688e+01
4.442688476562500000e+03,1.886976196289062500e+03,5.356800460815429688e+01
4.518720214843750000e+03,1.937088134765625000e+03,5.356800460815429688e+01
1.169856079101562500e+03,1.793664184570312500e+03,5.356800460815429688e+01
4.398106445312500000e+03,1.913933105468750000e+03,6.428160858154296875e+01
4.918580078125000000e+03,2.276813232421875000e+03,6.428160858154296875e+01
2.088115478515625000e+03,1.468109008789062500e+03,6.428160858154296875e+01
2.407449951171875000e+03,1.814400268554687500e+03,6.428160858154296875e+01
1.134259399414062500e+03,1.513728271484375000e+03,6.428160858154296875e+01
1.001548950195312500e+03,1.857945800781250000e+03,6.428160858154296875e+01
4.383590820312500000e+03,1.930521850585937500e+03,6.428160858154296875e+01
1.140480102539062500e+03,1.584230590820312500e+03,6.428160858154296875e+01
5.042996093750000000e+03,1.998950683593750000e+03,6.428160858154296875e+01
8.605441284179687500e+02,1.868313842773437500e+03,6.428160858154296875e+01
1.190246582031250000e+03,1.766707397460937500e+03,6.428160858154296875e+01
1.167437011718750000e+03,1.781222656250000000e+03,6.428160858154296875e+01
1.163289794921875000e+03,1.783296264648437500e+03,6.428160858154296875e+01
2.604441894531250000e+03,1.804032226562500000e+03,6.428160858154296875e+01
4.335898437500000000e+03,6.428160858154296875e+01,6.428160858154296875e+01
4.116096679687500000e+03,1.830989013671875000e+03,6.428160858154296875e+01
4.140979980468750000e+03,1.833062622070312500e+03,6.428160858154296875e+01
4.373223144531250000e+03,1.953331420898437500e+03,6.428160858154296875e+01
4.400179687500000000e+03,1.955405029296875000e+03,6.428160858154296875e+01
4.134758789062500000e+03,1.843430664062500000e+03,6.428160858154296875e+01
2.123366699218750000e+03,2.305843505859375000e+03,6.428160858154296875e+01
4.149274414062500000e+03,1.845504272460937500e+03,6.428160858154296875e+01
9.393409423828125000e+02,1.849651489257812500e+03,6.428160858154296875e+01
4.918580078125000000e+03,2.280960205078125000e+03,6.428160858154296875e+01
9.186049194335937500e+02,1.853798706054687500e+03,6.428160858154296875e+01
4.418842285156250000e+03,1.955405029296875000e+03,6.428160858154296875e+01
4.145126953125000000e+03,1.855872314453125000e+03,6.428160858154296875e+01
4.302720703125000000e+03,1.961625854492187500e+03,6.428160858154296875e+01
4.920653320312500000e+03,2.270592285156250000e+03,6.428160858154296875e+01
9.331201171875000000e+02,1.860019409179687500e+03,6.428160858154296875e+01
9.248257446289062500e+02,1.862093017578125000e+03,6.428160858154296875e+01
4.151347656250000000e+03,1.862093017578125000e+03,6.428160858154296875e+01
4.275763671875000000e+03,1.969920288085937500e+03,6.428160858154296875e+01
4.165862792968750000e+03,1.882829101562500000e+03,6.428160858154296875e+01
5.030554199218750000e+03,2.198016357421875000e+03,6.428160858154296875e+01
4.180378417968750000e+03,1.886976318359375000e+03,6.428160858154296875e+01
4.410547851562500000e+03,1.934669067382812500e+03,6.428160858154296875e+01
4.920653320312500000e+03,2.119219482421875000e+03,6.428160858154296875e+01
4.508006835937500000e+03,1.895270629882812500e+03,6.428160858154296875e+01
4.924800781250000000e+03,2.108851562500000000e+03,6.428160858154296875e+01
4.474829589843750000e+03,1.901491455078125000e+03,6.428160858154296875e+01
8.522496948242187500e+02,1.870387451171875000e+03,6.428160858154296875e+01
1.165363403320312500e+03,1.793664306640625000e+03,6.428160858154296875e+01
4.306867675781250000e+03,1.959552246093750000e+03,6.428160858154296875e+01
4.437504394531250000e+03,1.945037109375000000e+03,6.428160858154296875e+01
4.516301269531250000e+03,1.901491455078125000e+03,6.428160858154296875e+01
2.737152343750000000e+03,6.967296752929687500e+02,6.428160858154296875e+01
3.095885253906250000e+03,1.974067504882812500e+03,6.428160858154296875e+01
4.269542968750000000e+03,1.982361938476562500e+03,6.428160858154296875e+01
4.358708007812500000e+03,3.815424499511718750e+02,6.428160858154296875e+01
2.096409912109375000e+03,1.466035400390625000e+03,6.428160858154296875e+01
4.987008789062500000e+03,2.177280273437500000e+02,6.428160858154296875e+01
4.342119628906250000e+03,1.219277114868164062e+02,7.713793945312500000e+01
4.381932617187500000e+03,1.928448486328125000e+03,7.713793945312500000e+01
2.714757812500000000e+03,1.393459472656250000e+02,7.713793945312500000e+01
5.028895996093750000e+03,2.199675292968750000e+03,7.713793945312500000e+01
5.041337402343750000e+03,2.000609741210937500e+03,7.713793945312500000e+01
4.396862304687500000e+03,1.913518554687500000e+03,7.713793945312500000e+01
2.901381835937500000e+03,1.144627456665039062e+02,7.713793945312500000e+01
3.095470703125000000e+03,1.973238281250000000e+03,7.713793945312500000e+01
4.919409667968750000e+03,2.117560791015625000e+03,7.713793945312500000e+01
4.274934570312500000e+03,1.970749877929687500e+03,7.713793945312500000e+01
4.165448730468750000e+03,1.881170410156250000e+03,7.713793945312500000e+01
4.357049316406250000e+03,3.807130432128906250e+02,7.713793945312500000e+01
4.177890136718750000e+03,1.886146972656250000e+03,7.713793945312500000e+01
4.916921386718750000e+03,2.281790039062500000e+03,7.713793945312500000e+01
4.924386230468750000e+03,2.110095947265625000e+03,7.713793945312500000e+01
4.921897949218750000e+03,2.269348388671875000e+03,7.713793945312500000e+01
1.189417236328125000e+03,1.766707641601562500e+03,7.713793945312500000e+01
1.167022338867187500e+03,1.781637573242187500e+03,7.713793945312500000e+01
8.435406494140625000e+02,1.876193725585937500e+03,7.713793945312500000e+01
2.737152587890625000e+03,6.967297363281250000e+02,7.713793945312500000e+01
4.302306152343750000e+03,1.960796630859375000e+03,7.713793945312500000e+01
2.122537353515625000e+03,2.306673095703125000e+03,7.713793945312500000e+01
8.510056152343750000e+02,1.868728759765625000e+03,7.713793945312500000e+01
4.150518554687500000e+03,1.861263793945312500e+03,7.713793945312500000e+01
4.416769042968750000e+03,1.955819946289062500e+03,7.713793945312500000e+01
2.602783447265625000e+03,1.799055786132812500e+03,7.713793945312500000e+01
2.602783447265625000e+03,1.804032470703125000e+03,7.713793945312500000e+01
2.406206054687500000e+03,1.813985717773437500e+03,7.713793945312500000e+01
1.139650878906250000e+03,1.585060180664062500e+03,7.713793945312500000e+01
4.399350585937500000e+03,1.955819946289062500e+03,7.713793945312500000e+01
4.474000488281250000e+03,1.901076904296875000e+03,7.713793945312500000e+01
1.000304870605468750e+03,1.858775512695312500e+03,7.713793945312500000e+01
4.115682128906250000e+03,1.831403930664062500e+03,7.713793945312500000e+01
4.140565429687500000e+03,1.833892333984375000e+03,7.713793945312500000e+01
9.331202392578125000e+02,1.858775512695312500e+03,7.713793945312500000e+01
1.132185913085937500e+03,1.512898925781250000e+03,7.713793945312500000e+01
9.231669311523437500e+02,1.858775512695312500e+03,7.713793945312500000e+01
4.135588867187500000e+03,1.843845581054687500e+03,7.713793945312500000e+01
4.145541992187500000e+03,1.856287109375000000e+03,7.713793945312500000e+01
4.374467773437500000e+03,1.950843383789062500e+03,7.713793945312500000e+01
9.405852050781250000e+02,1.851310546875000000e+03,7.713793945312500000e+01
2.090189208984375000e+03,1.468109130859375000e+03,7.713793945312500000e+01
9.181903076171875000e+02,1.853798828125000000e+03,7.713793945312500000e+01
4.409304199218750000e+03,1.933425048828125000e+03,7.713793945312500000e+01
4.150519042968750000e+03,1.860268554687500000e+03,9.256552886962890625e+01
8.450336914062500000e+02,1.875198486328125000e+03,9.256552886962890625e+01
4.383425781250000000e+03,1.925960205078125000e+03,9.256552886962890625e+01
5.028398437500000000e+03,2.197684814453125000e+03,9.256552886962890625e+01
1.000304931640625000e+03,1.857282592773437500e+03,9.256552886962890625e+01
9.286412963867187500e+02,1.857282592773437500e+03,9.256552886962890625e+01
4.923889160156250000e+03,2.266362548828125000e+03,9.256552886962890625e+01
4.144546875000000000e+03,1.854296508789062500e+03,9.256552886962890625e+01
9.405852050781250000e+02,1.851310546875000000e+03,9.256552886962890625e+01
4.920902832031250000e+03,2.281292480468750000e+03,9.256552886962890625e+01
4.407313476562500000e+03,1.931932128906250000e+03,9.256552886962890625e+01
5.043328125000000000e+03,1.997623779296875000e+03,9.256552886962890625e+01
4.920902832031250000e+03,2.117063232421875000e+03,9.256552886962890625e+01
4.275930175781250000e+03,1.967764038085937500e+03,9.256552886962890625e+01
9.137113647460937500e+02,1.851310546875000000e+03,9.256552886962890625e+01
4.135588867187500000e+03,1.842352661132812500e+03,9.256552886962890625e+01
4.923889160156250000e+03,2.108105224609375000e+03,9.256552886962890625e+01
4.177392578125000000e+03,1.884156372070312500e+03,9.256552886962890625e+01
4.165448730468750000e+03,1.881170410156250000e+03,9.256552886962890625e+01
4.395369628906250000e+03,1.914016235351562500e+03,9.256552886962890625e+01
4.141561035156250000e+03,1.833394653320312500e+03,9.256552886962890625e+01
4.114687011718750000e+03,1.830408691406250000e+03,9.256552886962890625e+01
2.406703857421875000e+03,1.812492797851562500e+03,9.256552886962890625e+01
2.600792724609375000e+03,1.797562866210937500e+03,9.256552886962890625e+01
2.060329589843750000e+03,1.758744995117187500e+03,9.256552886962890625e+01
3.344302978515625000e+02,1.919988281250000000e+03,9.256552886962890625e+01
1.164534057617187500e+03,1.779646972656250000e+03,9.256552886962890625e+01
2.090189453125000000e+03,1.469104492187500000e+03,9.256552886962890625e+01
4.401341796875000000e+03,1.952834106445312500e+03,9.256552886962890625e+01
1.131688232421875000e+03,1.513894287109375000e+03,9.256552886962890625e+01
2.738147949218750000e+03,6.957344360351562500e+02,9.256552886962890625e+01
4.359537597656250000e+03,3.792200622558593750e+02,9.256552886962890625e+01
8.599636230468750000e+02,1.866240478515625000e+03,9.256552886962890625e+01
2.827727539062500000e+03,1.224253768920898438e+02,9.256552886962890625e+01
4.374467773437500000e+03,1.949848022460937500e+03,9.256552886962890625e+01
2.726204101562500000e+03,4.180378723144531250e+02,9.256552886962890625e+01
4.177990234375000000e+03,1.884753662109375000e+03,1.110786361694335938e+02
5.027204101562500000e+03,2.200073730468750000e+03,1.110786361694335938e+02
4.167240722656250000e+03,1.881170532226562500e+03,1.110786361694335938e+02
4.926875000000000000e+03,2.110494140625000000e+03,1.110786361694335938e+02
9.280441284179687500e+02,1.859671386718750000e+03,1.110786361694335938e+02
9.387936401367187500e+02,1.852505004882812500e+03,1.110786361694335938e+02
2.601390136718750000e+03,1.798757324218750000e+03,1.110786361694335938e+02
9.137113647460937500e+02,1.852505004882812500e+03,1.110786361694335938e+02
8.456309204101562500e+02,1.877587280273437500e+03,1.110786361694335938e+02
4.149324707031250000e+03,1.859671386718750000e+03,1.110786361694335938e+02
9.997077636718750000e+02,1.859671386718750000e+03,1.110786361694335938e+02
4.407313476562500000e+03,1.931334960937500000e+03,1.110786361694335938e+02
4.375064941406250000e+03,1.952834106445312500e+03,1.110786361694335938e+02
1.164534057617187500e+03,1.795174072265625000e+03,1.110786361694335938e+02
4.142158203125000000e+03,1.834589111328125000e+03,1.110786361694335938e+02
4.353565917968750000e+03,9.244609375000000000e+02,1.110786361694335938e+02
8.527973022460937500e+02,2.182157714843750000e+03,1.110786361694335938e+02
2.063912841796875000e+03,1.759342285156250000e+03,1.110786361694335938e+02
3.099452392578125000e+03,1.970750000000000000e+03,1.110786361694335938e+02
1.164534057617187500e+03,1.780841430664062500e+03,1.110786361694335938e+02
4.923291992187500000e+03,2.282486816406250000e+03,1.110786361694335938e+02
2.243071777343750000e+03,1.745009521484375000e+03,1.110786361694335938e+02
2.827130371093750000e+03,1.218281860351562500e+02,1.110786361694335938e+02
2.088995117187500000e+03,1.469104614257812500e+03,1.110786361694335938e+02
4.360732421875000000e+03,3.798172912597656250e+02,1.110786361694335938e+02
5.041537109375000000e+03,1.999415527343750000e+03,1.110786361694335938e+02
2.407898193359375000e+03,1.813089965820312500e+03,1.110786361694335938e+02
3.332359008789062500e+02,1.920585449218750000e+03,1.110786361694335938e+02
2.683803222656250000e+03,1.433272705078125000e+02,1.110786361694335938e+02
2.837880126953125000e+03,4.084827270507812500e+02,1.110786361694335938e+02
2.737551025390625000e+03,6.951372680664062500e+02,1.110786361694335938e+02
