3.083000000000000000e+03,1.440000000000000000e+03,3.100000000000000000e+01
3.113000000000000000e+03,1.441000000000000000e+03,3.100000000000000000e+01
2.896000000000000000e+03,3.141000000000000000e+03,3.100000000000000000e+01
3.638000000000000000e+03,3.129000000000000000e+03,3.100000000000000000e+01
3.059000000000000000e+03,1.444000000000000000e+03,3.100000000000000000e+01
4.444000000000000000e+03,3.065000000000000000e+03,3.100000000000000000e+01
2.706000000000000000e+03,6.050000000000000000e+02,3.100000000000000000e+01
2.708000000000000000e+03,6.030000000000000000e+02,3.100000000000000000e+01
1.400000000000000000e+02,3.036000000000000000e+03,3.100000000000000000e+01
3.139000000000000000e+03,1.445000000000000000e+03,3.100000000000000000e+01
1.530000000000000000e+02,3.034000000000000000e+03,3.100000000000000000e+01
1.510000000000000000e+02,3.033000000000000000e+03,3.100000000000000000e+01
1.950000000000000000e+03,3.031000000000000000e+03,3.100000000000000000e+01
1.642000000000000000e+03,3.031000000000000000e+03,3.100000000000000000e+01
1.730000000000000000e+02,3.026000000000000000e+03,3.100000000000000000e+01
1.710000000000000000e+02,3.013000000000000000e+03,3.100000000000000000e+01
1.810000000000000000e+02,3.012000000000000000e+03,3.100000000000000000e+01
1.760000000000000000e+02,3.009000000000000000e+03,3.100000000000000000e+01
2.706000000000000000e+03,5.830000000000000000e+02,3.100000000000000000e+01
1.940000000000000000e+02,3.003000000000000000e+03,3.100000000000000000e+01
3.344000000000000000e+03,2.343000000000000000e+03,3.100000000000000000e+01
4.435000000000000000e+03,2.988000000000000000e+03,3.100000000000000000e+01
6.660000000000000000e+02,2.967000000000000000e+03,3.100000000000000000e+01
4.625000000000000000e+03,1.170000000000000000e+02,3.100000000000000000e+01
3.057000000000000000e+03,1.448000000000000000e+03,3.100000000000000000e+01
2.720000000000000000e+02,2.933000000000000000e+03,3.100000000000000000e+01
2.287000000000000000e+03,2.929000000000000000e+03,3.100000000000000000e+01
4.282000000000000000e+03,2.057000000000000000e+03,3.100000000000000000e+01
1.550000000000000000e+02,2.920000000000000000e+03,3.100000000000000000e+01
3.141000000000000000e+03,1.449000000000000000e+03,3.100000000000000000e+01
3.050000000000000000e+03,1.450000000000000000e+03,3.100000000000000000e+01
2.826000000000000000e+03,2.911000000000000000e+03,3.100000000000000000e+01
2.811000000000000000e+03,2.908000000000000000e+03,3.100000000000000000e+01
6.270000000000000000e+02,2.880000000000000000e+03,3.100000000000000000e+01
4.719000000000000000e+03,1.390000000000000000e+02,3.100000000000000000e+01
3.150000000000000000e+03,1.450000000000000000e+03,3.100000000000000000e+01
2.065000000000000000e+03,1.480000000000000000e+03,3.100000000000000000e+01
2.819000000000000000e+03,1.482000000000000000e+03,3.100000000000000000e+01
2.808000000000000000e+03,1.483000000000000000e+03,3.100000000000000000e+01
2.065000000000000000e+03,1.485000000000000000e+03,3.100000000000000000e+01
2.075000000000000000e+03,1.487000000000000000e+03,3.100000000000000000e+01
2.330000000000000000e+02,2.785000000000000000e+03,3.100000000000000000e+01
2.818000000000000000e+03,1.428000000000000000e+03,3.100000000000000000e+01
2.820000000000000000e+03,1.499000000000000000e+03,3.100000000000000000e+01
4.813000000000000000e+03,1.640000000000000000e+02,3.100000000000000000e+01
3.478000000000000000e+03,2.746000000000000000e+03,3.100000000000000000e+01
2.820000000000000000e+03,1.501000000000000000e+03,3.100000000000000000e+01
2.068000000000000000e+03,2.701000000000000000e+03,3.100000000000000000e+01
3.726000000000000000e+03,1.229000000000000000e+03,3.100000000000000000e+01
4.156000000000000000e+03,2.659000000000000000e+03,3.100000000000000000e+01
3.116000000000000000e+03,1.443000000000000000e+03,3.100000000000000000e+01
2.030000000000000000e+03,1.856000000000000000e+03,3.100000000000000000e+01
2.067000000000000000e+03,1.526000000000000000e+03,3.100000000000000000e+01
4.464000000000000000e+03,1.733000000000000000e+03,3.100000000000000000e+01
3.299000000000000000e+03,2.347000000000000000e+03,3.100000000000000000e+01
4.075000000000000000e+03,1.537000000000000000e+03,3.100000000000000000e+01
3.341000000000000000e+03,2.339000000000000000e+03,3.100000000000000000e+01
2.076000000000000000e+03,1.763000000000000000e+03,3.100000000000000000e+01
3.327000000000000000e+03,2.288000000000000000e+03,3.100000000000000000e+01
2.068000000000000000e+03,1.542000000000000000e+03,3.100000000000000000e+01
2.069000000000000000e+03,1.557000000000000000e+03,3.100000000000000000e+01
4.569000000000000000e+03,2.283000000000000000e+03,3.100000000000000000e+01
2.071000000000000000e+03,1.557000000000000000e+03,3.100000000000000000e+01
2.159000000000000000e+03,1.841000000000000000e+03,3.100000000000000000e+01
2.103000000000000000e+03,1.838000000000000000e+03,3.100000000000000000e+01
2.069000000000000000e+03,1.561000000000000000e+03,3.100000000000000000e+01
2.026000000000000000e+03,1.857000000000000000e+03,3.100000000000000000e+01
4.270000000000000000e+03,2.055000000000000000e+03,3.100000000000000000e+01
7.700000000000000000e+01,2.018000000000000000e+03,3.100000000000000000e+01
2.163000000000000000e+03,1.847000000000000000e+03,3.100000000000000000e+01
2.714000000000000000e+03,1.041000000000000000e+03,3.100000000000000000e+01
2.088000000000000000e+03,1.851000000000000000e+03,3.100000000000000000e+01
4.333000000000000000e+03,1.977000000000000000e+03,3.100000000000000000e+01
4.297000000000000000e+03,1.975000000000000000e+03,3.100000000000000000e+01
4.290000000000000000e+03,1.974000000000000000e+03,3.100000000000000000e+01
3.733000000000000000e+03,1.227000000000000000e+03,3.100000000000000000e+01
4.292000000000000000e+03,1.962000000000000000e+03,3.100000000000000000e+01
4.077000000000000000e+03,1.955000000000000000e+03,3.100000000000000000e+01
4.074000000000000000e+03,1.954000000000000000e+03,3.100000000000000000e+01
5.143000000000000000e+03,1.899000000000000000e+03,3.100000000000000000e+01
5.138000000000000000e+03,1.893000000000000000e+03,3.100000000000000000e+01
5.140000000000000000e+03,1.892000000000000000e+03,3.100000000000000000e+01
5.151000000000000000e+03,1.886000000000000000e+03,3.100000000000000000e+01
5.137000000000000000e+03,1.879000000000000000e+03,3.100000000000000000e+01
5.130000000000000000e+03,1.878000000000000000e+03,3.100000000000000000e+01
5.114000000000000000e+03,1.878000000000000000e+03,3.100000000000000000e+01
5.132000000000000000e+03,1.869000000000000000e+03,3.100000000000000000e+01
5.111000000000000000e+03,1.868000000000000000e+03,3.100000000000000000e+01
3.716000000000000000e+03,1.840000000000000000e+03,3.100000000000000000e+01
3.714000000000000000e+03,1.840000000000000000e+03,3.100000000000000000e+01
2.033000000000000000e+03,1.830000000000000000e+03,3.100000000000000000e+01
2.062000000000000000e+03,1.742000000000000000e+03,3.100000000000000000e+01
2.077000000000000000e+03,1.743000000000000000e+03,3.100000000000000000e+01
2.100000000000000000e+03,1.774000000000000000e+03,3.100000000000000000e+01
2.096000000000000000e+03,1.763000000000000000e+03,3.100000000000000000e+01
2.107000000000000000e+03,1.751000000000000000e+03,3.100000000000000000e+01
2.105000000000000000e+03,1.751000000000000000e+03,3.100000000000000000e+01
2.169000000000000000e+03,1.749000000000000000e+03,3.100000000000000000e+01
5.590000000000000000e+02,3.041000000000000000e+03,3.100000000000000000e+01
5.490000000000000000e+02,3.036000000000000000e+03,3.100000000000000000e+01
2.077000000000000000e+03,1.734000000000000000e+03,3.100000000000000000e+01
3.307000000000000000e+03,1.985000000000000000e+03,3.100000000000000000e+01
1.430000000000000000e+02,3.009000000000000000e+03,3.100000000000000000e+01
3.723000000000000000e+03,1.225000000000000000e+03,3.100000000000000000e+01
4.223000000000000000e+03,2.828000000000000000e+03,3.100000000000000000e+01
3.864000000000000000e+03,2.743000000000000000e+03,3.100000000000000000e+01
3.738000000000000000e+03,2.454000000000000000e+03,3.100000000000000000e+01
2.136000000000000000e+03,1.825000000000000000e+03,3.100000000000000000e+01
4.604000000000000000e+03,1.130000000000000000e+02,3.100000000000000000e+01
3.732000244140625000e+03,1.226400024414062500e+03,3.720000076293945312e+01
2.102400146484375000e+03,1.837200073242187500e+03,3.720000076293945312e+01
2.162400146484375000e+03,1.846800048828125000e+03,3.720000076293945312e+01
3.711600097656250000e+03,3.126000244140625000e+03,3.720000076293945312e+01
3.082800048828125000e+03,1.440000000000000000e+03,3.720000076293945312e+01
3.112800048828125000e+03,1.441200073242187500e+03,3.720000076293945312e+01
3.060000000000000000e+03,1.443600097656250000e+03,3.720000076293945312e+01
1.404000091552734375e+02,3.037200195312500000e+03,3.720000076293945312e+01
2.088000000000000000e+03,1.850400024414062500e+03,3.720000076293945312e+01
3.138000244140625000e+03,1.444800048828125000e+03,3.720000076293945312e+01
1.512000122070312500e+02,3.033600097656250000e+03,3.720000076293945312e+01
1.950000122070312500e+03,3.031200195312500000e+03,3.720000076293945312e+01
2.100000000000000000e+03,1.773600097656250000e+03,3.720000076293945312e+01
2.030400024414062500e+03,1.855200073242187500e+03,3.720000076293945312e+01
1.728000030517578125e+02,3.026400146484375000e+03,3.720000076293945312e+01
1.800000000000000000e+02,3.012000000000000000e+03,3.720000076293945312e+01
2.025600097656250000e+03,1.857600097656250000e+03,3.720000076293945312e+01
1.764000091552734375e+02,3.009600097656250000e+03,3.720000076293945312e+01
5.110800292968750000e+03,1.867200073242187500e+03,3.720000076293945312e+01
3.056400146484375000e+03,1.447200073242187500e+03,3.720000076293945312e+01
4.434000000000000000e+03,2.986800048828125000e+03,3.720000076293945312e+01
6.660000000000000000e+02,2.966400146484375000e+03,3.720000076293945312e+01
5.132400390625000000e+03,1.868400024414062500e+03,3.720000076293945312e+01
5.113200195312500000e+03,1.878000122070312500e+03,3.720000076293945312e+01
2.712000122070312500e+02,2.932800048828125000e+03,3.720000076293945312e+01
5.130000000000000000e+03,1.878000122070312500e+03,3.720000076293945312e+01
3.140400146484375000e+03,1.449600097656250000e+03,3.720000076293945312e+01
5.136000000000000000e+03,1.879200073242187500e+03,3.720000076293945312e+01
3.051600097656250000e+03,1.450800048828125000e+03,3.720000076293945312e+01
3.148800048828125000e+03,1.450800048828125000e+03,3.720000076293945312e+01
5.139600097656250000e+03,1.892400024414062500e+03,3.720000076293945312e+01
5.143200195312500000e+03,1.898400024414062500e+03,3.720000076293945312e+01
4.719600097656250000e+03,1.404000091552734375e+02,3.720000076293945312e+01
4.074000244140625000e+03,1.953600097656250000e+03,3.720000076293945312e+01
2.065200195312500000e+03,1.480800048828125000e+03,3.720000076293945312e+01
2.817600097656250000e+03,1.482000000000000000e+03,3.720000076293945312e+01
4.292400390625000000e+03,1.962000122070312500e+03,3.720000076293945312e+01
2.096400146484375000e+03,1.762800048828125000e+03,3.720000076293945312e+01
4.290000000000000000e+03,1.974000122070312500e+03,3.720000076293945312e+01
2.065200195312500000e+03,1.484400024414062500e+03,3.720000076293945312e+01
4.296000000000000000e+03,1.974000122070312500e+03,3.720000076293945312e+01
4.333200195312500000e+03,1.977600097656250000e+03,3.720000076293945312e+01
2.820000000000000000e+03,1.498800048828125000e+03,3.720000076293945312e+01
2.328000030517578125e+02,2.785200195312500000e+03,3.720000076293945312e+01
2.158800048828125000e+03,1.840800048828125000e+03,3.720000076293945312e+01
2.820000000000000000e+03,1.501200073242187500e+03,3.720000076293945312e+01
2.076000000000000000e+03,1.762800048828125000e+03,3.720000076293945312e+01
2.104800048828125000e+03,1.750800048828125000e+03,3.720000076293945312e+01
2.067600097656250000e+03,2.701200195312500000e+03,3.720000076293945312e+01
7.680000305175781250e+01,2.017200073242187500e+03,3.720000076293945312e+01
4.156800292968750000e+03,2.659200195312500000e+03,3.720000076293945312e+01
2.817600097656250000e+03,1.532400024414062500e+03,3.720000076293945312e+01
2.077200195312500000e+03,1.742400024414062500e+03,3.720000076293945312e+01
2.061600097656250000e+03,1.742400024414062500e+03,3.720000076293945312e+01
3.298800048828125000e+03,2.347200195312500000e+03,3.720000076293945312e+01
2.706000000000000000e+03,5.832000122070312500e+02,3.720000076293945312e+01
3.340800048828125000e+03,2.338800048828125000e+03,3.720000076293945312e+01
2.067600097656250000e+03,1.542000122070312500e+03,3.720000076293945312e+01
2.068800048828125000e+03,1.561200073242187500e+03,3.720000076293945312e+01
2.070000000000000000e+03,1.556400024414062500e+03,3.720000076293945312e+01
3.722400146484375000e+03,1.225200073242187500e+03,3.720000076293945312e+01
2.089200195312500000e+03,1.774800048828125000e+03,3.720000076293945312e+01
4.464000000000000000e+03,1.732800048828125000e+03,3.720000076293945312e+01
2.077200195312500000e+03,1.734000122070312500e+03,3.720000076293945312e+01
2.895600097656250000e+03,3.140400146484375000e+03,3.720000076293945312e+01
2.817600097656250000e+03,1.428000000000000000e+03,3.720000076293945312e+01
4.269600097656250000e+03,2.054400146484375000e+03,3.720000076293945312e+01
1.641600097656250000e+03,3.031200195312500000e+03,3.720000076293945312e+01
2.706000000000000000e+03,6.048000488281250000e+02,3.720000076293945312e+01
1.704000091552734375e+02,3.012000000000000000e+03,3.720000076293945312e+01
2.169600097656250000e+03,1.748400024414062500e+03,3.720000076293945312e+01
2.066400146484375000e+03,1.526400024414062500e+03,3.720000076293945312e+01
2.080800048828125000e+03,1.839600097656250000e+03,3.720000076293945312e+01
4.624800292968750000e+03,1.176000061035156250e+02,3.720000076293945312e+01
3.061200195312500000e+03,1.500000000000000000e+03,3.720000076293945312e+01
2.287200195312500000e+03,2.928000000000000000e+03,3.720000076293945312e+01
1.548000030517578125e+02,2.920800048828125000e+03,3.720000076293945312e+01
2.074800048828125000e+03,1.485600097656250000e+03,3.720000076293945312e+01
4.813200195312500000e+03,1.644000091552734375e+02,3.720000076293945312e+01
6.276000366210937500e+02,2.880000000000000000e+03,3.720000076293945312e+01
4.299600097656250000e+03,1.962000122070312500e+03,3.720000076293945312e+01
2.808000000000000000e+03,1.483200073242187500e+03,3.720000076293945312e+01
2.808000000000000000e+03,1.429200073242187500e+03,3.720000076293945312e+01
3.326400146484375000e+03,2.287200195312500000e+03,3.720000076293945312e+01
2.032800048828125000e+03,1.830000122070312500e+03,3.720000076293945312e+01
4.281600097656250000e+03,2.056800048828125000e+03,3.720000076293945312e+01
4.074000244140625000e+03,1.537200073242187500e+03,3.720000076293945312e+01
2.811600097656250000e+03,2.907600097656250000e+03,3.720000076293945312e+01
3.261600097656250000e+03,2.313600097656250000e+03,3.720000076293945312e+01
4.222800292968750000e+03,2.828400146484375000e+03,3.720000076293945312e+01
2.158560058593750000e+03,1.841760131835937500e+03,4.464000320434570312e+01
3.083040039062500000e+03,1.441440063476562500e+03,4.464000320434570312e+01
3.113280029296875000e+03,1.441440063476562500e+03,4.464000320434570312e+01
3.060000000000000000e+03,1.444320068359375000e+03,4.464000320434570312e+01
3.077280029296875000e+03,1.445760009765625000e+03,4.464000320434570312e+01
3.055680175781250000e+03,1.447200073242187500e+03,4.464000320434570312e+01
3.140640136718750000e+03,1.448640014648437500e+03,4.464000320434570312e+01
3.147840087890625000e+03,1.450080078125000000e+03,4.464000320434570312e+01
3.051360107421875000e+03,1.451520019531250000e+03,4.464000320434570312e+01
3.074400146484375000e+03,1.447200073242187500e+03,4.464000320434570312e+01
2.705760009765625000e+03,5.817600097656250000e+02,4.464000320434570312e+01
2.064959960937500000e+03,1.484640014648437500e+03,4.464000320434570312e+01
2.707200012207031250e+02,2.933280029296875000e+03,4.464000320434570312e+01
2.819520019531250000e+03,1.499040039062500000e+03,4.464000320434570312e+01
3.297600097656250000e+03,2.347200195312500000e+03,4.464000320434570312e+01
3.343680175781250000e+03,2.342880126953125000e+03,4.464000320434570312e+01
2.818080078125000000e+03,1.532160034179687500e+03,4.464000320434570312e+01
3.342240234375000000e+03,2.340000000000000000e+03,4.464000320434570312e+01
2.067840087890625000e+03,1.542240112304687500e+03,4.464000320434570312e+01
6.652800292968750000e+02,2.966400146484375000e+03,4.464000320434570312e+01
4.295520019531250000e+03,1.974240112304687500e+03,4.464000320434570312e+01
4.291200195312500000e+03,1.974240112304687500e+03,4.464000320434570312e+01
3.732480224609375000e+03,1.226880004882812500e+03,4.464000320434570312e+01
2.069280029296875000e+03,1.556640014648437500e+03,4.464000320434570312e+01
3.725280029296875000e+03,1.225440063476562500e+03,4.464000320434570312e+01
3.722400146484375000e+03,1.225440063476562500e+03,4.464000320434570312e+01
1.771200103759765625e+02,3.009600097656250000e+03,4.464000320434570312e+01
1.800000000000000000e+02,3.012480224609375000e+03,4.464000320434570312e+01
5.136479980468750000e+03,1.879200073242187500e+03,4.464000320434570312e+01
4.718880371093750000e+03,1.396800079345703125e+02,4.464000320434570312e+01
2.069280029296875000e+03,1.560960083007812500e+03,4.464000320434570312e+01
1.728000030517578125e+02,3.026880126953125000e+03,4.464000320434570312e+01
5.129280273437500000e+03,1.877760131835937500e+03,4.464000320434570312e+01
5.113440429687500000e+03,1.877760131835937500e+03,4.464000320434570312e+01
5.132160156250000000e+03,1.867680053710937500e+03,4.464000320434570312e+01
5.110560058593750000e+03,1.867680053710937500e+03,4.464000320434570312e+01
2.026080078125000000e+03,1.857600097656250000e+03,4.464000320434570312e+01
4.813920410156250000e+03,1.656000061035156250e+02,4.464000320434570312e+01
2.030400024414062500e+03,1.854720092773437500e+03,4.464000320434570312e+01
2.090880126953125000e+03,1.850400024414062500e+03,4.464000320434570312e+01
2.106719970703125000e+03,1.751040039062500000e+03,4.464000320434570312e+01
2.076479980468750000e+03,1.762560058593750000e+03,4.464000320434570312e+01
2.088000000000000000e+03,1.850400024414062500e+03,4.464000320434570312e+01
2.162880126953125000e+03,1.846080078125000000e+03,4.464000320434570312e+01
2.096640136718750000e+03,1.762560058593750000e+03,4.464000320434570312e+01
2.099520019531250000e+03,1.774080078125000000e+03,4.464000320434570312e+01
2.102400146484375000e+03,1.837440063476562500e+03,4.464000320434570312e+01
4.155840332031250000e+03,2.658239990234375000e+03,4.464000320434570312e+01
2.099520019531250000e+03,1.848960083007812500e+03,4.464000320434570312e+01
4.292640136718750000e+03,2.005920043945312500e+03,4.464000320434570312e+01
2.332800140380859375e+02,2.784960205078125000e+03,4.464000320434570312e+01
2.066400146484375000e+03,1.526400024414062500e+03,4.464000320434570312e+01
4.332959960937500000e+03,1.977120117187500000e+03,4.464000320434570312e+01
4.625280273437500000e+03,1.180800018310546875e+02,4.464000320434570312e+01
2.714400146484375000e+03,1.041119995117187500e+03,4.464000320434570312e+01
1.396800079345703125e+02,3.036960205078125000e+03,4.464000320434570312e+01
2.170080078125000000e+03,1.748160034179687500e+03,4.464000320434570312e+01
1.512000122070312500e+02,3.032640136718750000e+03,4.464000320434570312e+01
2.808000000000000000e+03,1.483200073242187500e+03,4.464000320434570312e+01
2.707200195312500000e+03,6.033600463867187500e+02,4.464000320434570312e+01
2.816640136718750000e+03,1.428480102539062500e+03,4.464000320434570312e+01
2.077920166015625000e+03,1.742400024414062500e+03,4.464000320434570312e+01
2.062080078125000000e+03,1.742400024414062500e+03,4.464000320434570312e+01
2.077920166015625000e+03,1.733760009765625000e+03,4.464000320434570312e+01
4.298400390625000000e+03,1.961280029296875000e+03,4.464000320434570312e+01
4.292640136718750000e+03,1.961280029296875000e+03,4.464000320434570312e+01
4.464000000000000000e+03,1.732320068359375000e+03,4.464000320434570312e+01
3.712320068359375000e+03,3.126240234375000000e+03,4.464000320434570312e+01
3.260160156250000000e+03,2.314080078125000000e+03,4.464000320434570312e+01
1.540800018310546875e+02,2.920320068359375000e+03,4.464000320434570312e+01
4.530240234375000000e+03,9.792000579833984375e+01,4.464000320434570312e+01
4.272479980468750000e+03,2.001600097656250000e+03,4.464000320434570312e+01
4.271040039062500000e+03,2.054880126953125000e+03,4.464000320434570312e+01
4.276800292968750000e+03,1.994400024414062500e+03,4.464000320434570312e+01
4.222080078125000000e+03,2.828160156250000000e+03,4.464000320434570312e+01
5.128704589843750000e+03,1.878336181640625000e+03,5.356800460815429688e+01
5.113152343750000000e+03,1.878336181640625000e+03,5.356800460815429688e+01
1.520640106201171875e+02,3.032640380859375000e+03,5.356800460815429688e+01
6.652800903320312500e+02,2.965248291015625000e+03,5.356800460815429688e+01
3.644352294921875000e+03,1.225152099609375000e+03,5.356800460815429688e+01
5.111424316406250000e+03,1.866240234375000000e+03,5.356800460815429688e+01
3.730752441406250000e+03,1.225152099609375000e+03,5.356800460815429688e+01
3.060288330078125000e+03,1.444608154296875000e+03,5.356800460815429688e+01
3.136320312500000000e+03,1.444608154296875000e+03,5.356800460815429688e+01
3.051648193359375000e+03,1.451520141601562500e+03,5.356800460815429688e+01
3.146688232421875000e+03,1.451520141601562500e+03,5.356800460815429688e+01
2.064960205078125000e+03,1.482624145507812500e+03,5.356800460815429688e+01
2.820096191406250000e+03,1.499904174804687500e+03,5.356800460815429688e+01
2.816640380859375000e+03,1.532736206054687500e+03,5.356800460815429688e+01
2.068416259765625000e+03,1.541376098632812500e+03,5.356800460815429688e+01
3.297024414062500000e+03,2.348352294921875000e+03,5.356800460815429688e+01
2.070144287109375000e+03,1.556928100585937500e+03,5.356800460815429688e+01
2.104704101562500000e+03,1.750464111328125000e+03,5.356800460815429688e+01
2.096064208984375000e+03,1.762560180664062500e+03,5.356800460815429688e+01
2.707776367187500000e+03,6.030720825195312500e+02,5.356800460815429688e+01
2.080512207031250000e+03,1.840320190429687500e+03,5.356800460815429688e+01
2.808000244140625000e+03,1.429056152343750000e+03,5.356800460815429688e+01
2.816640380859375000e+03,1.429056152343750000e+03,5.356800460815429688e+01
4.625856445312500000e+03,1.175040130615234375e+02,5.356800460815429688e+01
4.292352539062500000e+03,2.006208129882812500e+03,5.356800460815429688e+01
4.271616210937500000e+03,2.001024169921875000e+03,5.356800460815429688e+01
2.706048339843750000e+03,5.823360595703125000e+02,5.356800460815429688e+01
2.158272216796875000e+03,1.840320190429687500e+03,5.356800460815429688e+01
2.099520263671875000e+03,1.772928222656250000e+03,5.356800460815429688e+01
3.068928222656250000e+03,1.446336181640625000e+03,5.356800460815429688e+01
2.035584228515625000e+03,1.850688232421875000e+03,5.356800460815429688e+01
2.077056152343750000e+03,1.762560180664062500e+03,5.356800460815429688e+01
3.082752197265625000e+03,1.442880126953125000e+03,5.356800460815429688e+01
4.290624511718750000e+03,1.973376220703125000e+03,5.356800460815429688e+01
3.117312255859375000e+03,1.444608154296875000e+03,5.356800460815429688e+01
2.077056152343750000e+03,1.741824218750000000e+03,5.356800460815429688e+01
4.294080566406250000e+03,1.973376220703125000e+03,5.356800460815429688e+01
4.297536621093750000e+03,1.961280151367187500e+03,5.356800460815429688e+01
3.074112304687500000e+03,1.446336181640625000e+03,5.356800460815429688e+01
2.714688232421875000e+03,1.041984130859375000e+03,5.356800460815429688e+01
4.465152343750000000e+03,1.733184204101562500e+03,5.356800460815429688e+01
2.077056152343750000e+03,1.733184204101562500e+03,5.356800460815429688e+01
1.728000183105468750e+02,3.027456298828125000e+03,5.356800460815429688e+01
3.160512207031250000e+03,1.244160156250000000e+03,5.356800460815429688e+01
3.056832275390625000e+03,1.448064086914062500e+03,5.356800460815429688e+01
3.141504394531250000e+03,1.448064086914062500e+03,5.356800460815429688e+01
4.814208496093750000e+03,1.658880157470703125e+02,5.356800460815429688e+01
4.399488281250000000e+03,1.342656127929687500e+03,5.356800460815429688e+01
4.332096191406250000e+03,1.976832153320312500e+03,5.356800460815429688e+01
1.710720214843750000e+02,3.013632324218750000e+03,5.356800460815429688e+01
3.259008300781250000e+03,2.313792236328125000e+03,5.356800460815429688e+01
3.341952392578125000e+03,2.339712158203125000e+03,5.356800460815429688e+01
4.530816406250000000e+03,9.849600982666015625e+01,5.356800460815429688e+01
2.030400146484375000e+03,1.854144165039062500e+03,5.356800460815429688e+01
3.343680419921875000e+03,2.343168212890625000e+03,5.356800460815429688e+01
2.163456298828125000e+03,1.845504150390625000e+03,5.356800460815429688e+01
2.816640380859375000e+03,1.482624145507812500e+03,5.356800460815429688e+01
3.077568359375000000e+03,1.444608154296875000e+03,5.356800460815429688e+01
4.292352539062500000e+03,1.961280151367187500e+03,5.356800460815429688e+01
2.089152099609375000e+03,1.848960205078125000e+03,5.356800460815429688e+01
2.099520263671875000e+03,1.848960205078125000e+03,5.356800460815429688e+01
3.329856201171875000e+03,2.293056152343750000e+03,5.356800460815429688e+01
2.085696289062500000e+03,1.774656127929687500e+03,5.356800460815429688e+01
3.060634033203125000e+03,1.445299438476562500e+03,6.428160858154296875e+01
3.730406982421875000e+03,1.225497802734375000e+03,6.428160858154296875e+01
3.726259765625000000e+03,1.225497802734375000e+03,6.428160858154296875e+01
5.111424804687500000e+03,1.868313842773437500e+03,6.428160858154296875e+01
2.023833862304687500e+03,1.860019409179687500e+03,6.428160858154296875e+01
3.073075683593750000e+03,1.445299438476562500e+03,6.428160858154296875e+01
2.104704345703125000e+03,1.839283447265625000e+03,6.428160858154296875e+01
3.081370117187500000e+03,1.441152221679687500e+03,6.428160858154296875e+01
3.678566894531250000e+03,1.818547485351562500e+03,6.428160858154296875e+01
3.077222900390625000e+03,1.445299438476562500e+03,6.428160858154296875e+01
2.065305908203125000e+03,1.482624267578125000e+03,6.428160858154296875e+01
3.145651611328125000e+03,1.451520263671875000e+03,6.428160858154296875e+01
3.052339599609375000e+03,1.451520263671875000e+03,6.428160858154296875e+01
3.135283691406250000e+03,1.445299438476562500e+03,6.428160858154296875e+01
3.141504394531250000e+03,1.447373046875000000e+03,6.428160858154296875e+01
2.077747558593750000e+03,1.762560302734375000e+03,6.428160858154296875e+01
2.104704345703125000e+03,1.750118652343750000e+03,6.428160858154296875e+01
4.294426269531250000e+03,1.974067504882812500e+03,6.428160858154296875e+01
2.820096435546875000e+03,1.499213012695312500e+03,6.428160858154296875e+01
3.068928466796875000e+03,1.445299438476562500e+03,6.428160858154296875e+01
2.069453125000000000e+03,1.557273803710937500e+03,6.428160858154296875e+01
4.292352539062500000e+03,1.961625854492187500e+03,6.428160858154296875e+01
3.297024414062500000e+03,2.349389160156250000e+03,6.428160858154296875e+01
3.342643554687500000e+03,2.341094726562500000e+03,6.428160858154296875e+01
2.030054687500000000e+03,1.855872314453125000e+03,6.428160858154296875e+01
3.464986083984375000e+03,1.812326660156250000e+03,6.428160858154296875e+01
2.096409912109375000e+03,1.762560302734375000e+03,6.428160858154296875e+01
3.116621337890625000e+03,1.445299438476562500e+03,6.428160858154296875e+01
4.464461425781250000e+03,1.733529785156250000e+03,6.428160858154296875e+01
4.814899902343750000e+03,1.658880310058593750e+02,6.428160858154296875e+01
2.100557128906250000e+03,1.849651489257812500e+03,6.428160858154296875e+01
2.088115478515625000e+03,1.849651489257812500e+03,6.428160858154296875e+01
4.271616699218750000e+03,2.001024291992187500e+03,6.428160858154296875e+01
3.060634033203125000e+03,1.499213012695312500e+03,6.428160858154296875e+01
2.162765136718750000e+03,1.845504272460937500e+03,6.428160858154296875e+01
2.706048339843750000e+03,5.806080932617187500e+02,6.428160858154296875e+01
2.079821044921875000e+03,1.839283447265625000e+03,6.428160858154296875e+01
4.719514160156250000e+03,1.410048217773437500e+02,6.428160858154296875e+01
2.818022705078125000e+03,1.532390625000000000e+03,6.428160858154296875e+01
4.290278808593750000e+03,1.974067504882812500e+03,6.428160858154296875e+01
4.852224609375000000e+03,4.499712524414062500e+02,6.428160858154296875e+01
2.714342773437500000e+03,1.043020996093750000e+03,6.428160858154296875e+01
2.815949218750000000e+03,1.428710571289062500e+03,6.428160858154296875e+01
2.815949218750000000e+03,1.482624267578125000e+03,6.428160858154296875e+01
3.058560546875000000e+03,1.507507446289062500e+03,6.428160858154296875e+01
1.721088256835937500e+02,3.027456542968750000e+03,6.428160858154296875e+01
4.398106445312500000e+03,1.343692993164062500e+03,6.428160858154296875e+01
4.626202148437500000e+03,1.181952133178710938e+02,6.428160858154296875e+01
4.286131835937500000e+03,2.005171508789062500e+03,6.428160858154296875e+01
2.073600341796875000e+03,1.484697753906250000e+03,6.428160858154296875e+01
1.762560272216796875e+02,3.010867675781250000e+03,6.428160858154296875e+01
2.067379394531250000e+03,1.542758666992187500e+03,6.428160858154296875e+01
2.087700927734375000e+03,1.848822143554687500e+03,7.713793945312500000e+01
4.269958007812500000e+03,2.000609741210937500e+03,7.713793945312500000e+01
3.729992675781250000e+03,1.224253784179687500e+03,7.713793945312500000e+01
2.102630859375000000e+03,1.838868896484375000e+03,7.713793945312500000e+01
3.725015869140625000e+03,1.224253784179687500e+03,7.713793945312500000e+01
4.814900390625000000e+03,1.667174835205078125e+02,7.713793945312500000e+01
4.464047363281250000e+03,1.734359497070312500e+03,7.713793945312500000e+01
2.164838867187500000e+03,1.843845581054687500e+03,7.713793945312500000e+01
4.292353027343750000e+03,1.960796630859375000e+03,7.713793945312500000e+01
2.814290527343750000e+03,1.428296020507812500e+03,7.713793945312500000e+01
3.677737792968750000e+03,1.818962402343750000e+03,7.713793945312500000e+01
4.720344238281250000e+03,1.418342742919921875e+02,7.713793945312500000e+01
2.105119140625000000e+03,1.751777709960937500e+03,7.713793945312500000e+01
3.677737792968750000e+03,1.813985717773437500e+03,7.713793945312500000e+01
3.053169433593750000e+03,1.453179199218750000e+03,7.713793945312500000e+01
3.145237304687500000e+03,1.450690917968750000e+03,7.713793945312500000e+01
2.077747802734375000e+03,1.761730957031250000e+03,7.713793945312500000e+01
3.463742187500000000e+03,1.811497436523437500e+03,7.713793945312500000e+01
3.132795654296875000e+03,1.445714233398437500e+03,7.713793945312500000e+01
3.117865722656250000e+03,1.445714233398437500e+03,7.713793945312500000e+01
2.095166015625000000e+03,1.761730957031250000e+03,7.713793945312500000e+01
3.073075927734375000e+03,1.445714233398437500e+03,7.713793945312500000e+01
3.060634277343750000e+03,1.445714233398437500e+03,7.713793945312500000e+01
3.080540771484375000e+03,1.440737670898437500e+03,7.713793945312500000e+01
4.625788085937500000e+03,1.194393920898437500e+02,7.713793945312500000e+01
2.065306152343750000e+03,1.483039062500000000e+03,7.713793945312500000e+01
1.716941223144531250e+02,3.028286132812500000e+03,7.713793945312500000e+01
3.162655517578125000e+03,1.244160278320312500e+03,7.713793945312500000e+01
2.072770996093750000e+03,1.485527343750000000e+03,7.713793945312500000e+01
2.704804443359375000e+03,5.797786865234375000e+02,7.713793945312500000e+01
4.531231933593750000e+03,9.953282165527343750e+01,7.713793945312500000e+01
3.294536376953125000e+03,2.348974609375000000e+03,7.713793945312500000e+01
2.816778808593750000e+03,1.532805541992187500e+03,7.713793945312500000e+01
4.396862304687500000e+03,1.343693115234375000e+03,7.713793945312500000e+01
3.426417480468750000e+03,3.732480773925781250e+02,7.713793945312500000e+01
1.206835449218750000e+03,1.644779907226562500e+03,7.713793945312500000e+01
3.070587646484375000e+03,1.219277114868164062e+02,7.713793945312500000e+01
4.439164062500000000e+03,8.211457824707031250e+01,7.713793945312500000e+01
2.819267333984375000e+03,1.500457275390625000e+03,7.713793945312500000e+01
4.272446289062500000e+03,2.055352783203125000e+03,7.713793945312500000e+01
4.287376464843750000e+03,2.005586425781250000e+03,7.713793945312500000e+01
4.849736816406250000e+03,4.503860168457031250e+02,7.713793945312500000e+01
3.423929199218750000e+03,6.618932495117187500e+02,7.713793945312500000e+01
4.282399902343750000e+03,2.013051391601562500e+03,7.713793945312500000e+01
4.272944335937500000e+03,2.000609863281250000e+03,9.256552886962890625e+01
3.144241943359375000e+03,1.451188598632812500e+03,9.256552886962890625e+01
4.720841796875000000e+03,1.433272705078125000e+02,9.256552886962890625e+01
7.793420410156250000e+02,1.875198486328125000e+03,9.256552886962890625e+01
3.054662353515625000e+03,1.451188598632812500e+03,9.256552886962890625e+01
3.120354003906250000e+03,1.445216674804687500e+03,9.256552886962890625e+01
2.078245361328125000e+03,1.761731079101562500e+03,9.256552886962890625e+01
3.060634521484375000e+03,1.445216674804687500e+03,9.256552886962890625e+01
3.072578369140625000e+03,1.442230712890625000e+03,9.256552886962890625e+01
2.182754882812500000e+03,1.854296508789062500e+03,9.256552886962890625e+01
3.463742431640625000e+03,1.812492797851562500e+03,9.256552886962890625e+01
3.675747314453125000e+03,1.818464721679687500e+03,9.256552886962890625e+01
2.078245361328125000e+03,1.839366699218750000e+03,9.256552886962890625e+01
2.105119384765625000e+03,1.839366699218750000e+03,9.256552886962890625e+01
2.090189453125000000e+03,1.848324584960937500e+03,9.256552886962890625e+01
2.812797607421875000e+03,1.427300781250000000e+03,9.256552886962890625e+01
3.726509033203125000e+03,1.224253784179687500e+03,9.256552886962890625e+01
3.424924560546875000e+03,6.599026489257812500e+02,9.256552886962890625e+01
4.628276367187500000e+03,1.194393920898437500e+02,9.256552886962890625e+01
3.099452148437500000e+03,1.427300781250000000e+03,9.256552886962890625e+01
2.063315429687500000e+03,1.481048461914062500e+03,9.256552886962890625e+01
4.464047363281250000e+03,1.731871215820312500e+03,9.256552886962890625e+01
2.024497680664062500e+03,1.857282592773437500e+03,9.256552886962890625e+01
2.024497680664062500e+03,1.863254516601562500e+03,9.256552886962890625e+01
3.189031738281250000e+03,1.743815185546875000e+03,9.256552886962890625e+01
2.105119384765625000e+03,1.749787109375000000e+03,9.256552886962890625e+01
4.293846191406250000e+03,1.958806030273437500e+03,9.256552886962890625e+01
3.132298095703125000e+03,1.445216674804687500e+03,9.256552886962890625e+01
1.206337890625000000e+03,1.642291625976562500e+03,9.256552886962890625e+01
4.529738769531250000e+03,9.853749847412109375e+01,9.256552886962890625e+01
1.702011413574218750e+02,3.027788574218750000e+03,9.256552886962890625e+01
4.284888183593750000e+03,2.003595825195312500e+03,9.256552886962890625e+01
2.164838867187500000e+03,1.842352661132812500e+03,9.256552886962890625e+01
3.302499267578125000e+03,9.853749847412109375e+01,9.256552886962890625e+01
3.302499267578125000e+03,6.628886108398437500e+02,9.256552886962890625e+01
3.305485107421875000e+03,3.822060546875000000e+02,9.256552886962890625e+01
2.103327636718750000e+03,1.838172241210937500e+03,1.110786361694335938e+02
3.468520019531250000e+03,1.809506835937500000e+03,1.110786361694335938e+02
3.142450439453125000e+03,1.451188598632812500e+03,1.110786361694335938e+02
3.060037353515625000e+03,1.444022338867187500e+03,1.110786361694335938e+02
2.078245361328125000e+03,1.762925415039062500e+03,1.110786361694335938e+02
4.876710449218750000e+03,9.602927246093750000e+02,1.110786361694335938e+02
2.078245361328125000e+03,1.841755493164062500e+03,1.110786361694335938e+02
3.676344482421875000e+03,1.820256347656250000e+03,1.110786361694335938e+02
2.092578125000000000e+03,1.845338623046875000e+03,1.110786361694335938e+02
1.203949096679687500e+03,1.644680419921875000e+03,1.110786361694335938e+02
2.812797851562500000e+03,1.429689575195312500e+03,1.110786361694335938e+02
4.815796386718750000e+03,1.684095458984375000e+02,1.110786361694335938e+02
4.625887695312500000e+03,1.218281860351562500e+02,1.110786361694335938e+02
3.189031738281250000e+03,1.748592773437500000e+03,1.110786361694335938e+02
3.070786865234375000e+03,1.444022338867187500e+03,1.110786361694335938e+02
3.056454101562500000e+03,1.454771850585937500e+03,1.110786361694335938e+02
4.722633789062500000e+03,1.433272705078125000e+02,1.110786361694335938e+02
3.726509033203125000e+03,1.225448242187500000e+03,1.110786361694335938e+02
3.135284179687500000e+03,1.444022338867187500e+03,1.110786361694335938e+02
2.174991455078125000e+03,1.848921875000000000e+03,1.110786361694335938e+02
2.182157714843750000e+03,1.856088256835937500e+03,1.110786361694335938e+02
4.332066894531250000e+03,2.002998657226562500e+03,1.110786361694335938e+02
2.024497802734375000e+03,1.863254516601562500e+03,1.110786361694335938e+02
7.775504760742187500e+02,1.874004150390625000e+03,1.110786361694335938e+02
4.278319335937500000e+03,2.002998657226562500e+03,1.110786361694335938e+02
3.303693603515625000e+03,6.628886718750000000e+02,1.110786361694335938e+02
3.425521972656250000e+03,6.593054809570312500e+02,1.110786361694335938e+02
3.765924072265625000e+03,3.690677185058593750e+02,1.110786361694335938e+02
3.099452392578125000e+03,1.429689575195312500e+03,1.110786361694335938e+02
2.963291503906250000e+03,1.325777282714843750e+02,1.110786361694335938e+02
1.433272705078125000e+02,1.702011352539062500e+03,1.110786361694335938e+02
